2
10211022313443041012
13020104041032141110
11111111133230001441
24131014140241121032
04013240103021231110
34141400110113404232
41301104120243003314
41320023114042124314
03212124133310301021
43401131111111004304
40213310024241210420
04414142130101244021
33332323301431323211
22114313443131230400
01431031214341223104
43013144212231111111
33213001012124104321
22044443324433333221
14411202232212411021
14323112402331210201
32421201102201034141
01012402302032140101
43430140031143420441
40142243030212321001
04412300331314202323
02011441434344030343
44133340433310134112
23401403031302132224
12413113241122430112
34133214030013002110
33423312414304233022
41410213122430122034
04042042431141131331
31302111314034111214
40322221024131104442
04311213013242402014
44042431204112420214
32242223400244433013
41243444044124414410
42311114101201213330